100
2 2
0.50 0.50
4 2
0.00 0.00 1.00 1.00
3 2
0.50 0.75 1.00
16 12
0.06 0.04 0.10 0.10 0.09 0.06 0.06 0.02 0.60 0.62 0.06 0.62 0.10 0.61 0.06 0.10
16 8
0.54 0.93 0.02 0.81 0.00 0.02 0.02 0.02 0.63 0.00 0.02 0.62 0.02 0.73 0.77 0.52
16 8
0.85 0.01 0.01 0.86 0.58 0.01 0.64 0.87 0.01 0.02 0.78 0.55 0.00 0.01 0.01 0.82
4 4
0.01 0.01 0.98 0.99
2 2
0.00 0.50
8 6
1.00 1.00 1.00 1.00 1.00 0.00 1.00 1.00
16 8
0.17 0.01 0.42 0.47 0.00 0.36 0.01 0.01 0.24 0.01 0.47 0.36 0.02 0.01 0.01 0.00
16 10
0.62 0.01 0.65 0.67 0.67 0.63 0.70 0.04 0.04 0.68 0.06 0.69 0.67 0.60 0.68 0.61
16 6
0.34 0.45 0.51 0.61 0.66 0.60 0.35 0.50 0.60 0.30 0.51 0.62 0.53 0.57 0.34 0.30
16 6
0.49 0.50 0.49 0.50 0.49 0.50 0.50 0.50 0.51 0.50 0.50 0.51 0.50 0.49 0.50 0.51
16 2
0.42 0.61 0.62 0.56 0.65 0.68 0.69 0.67 0.51 0.52 0.69 0.47 0.34 0.54 0.44 0.36
3 2
0.02 0.01 0.04
3 2
0.50 0.50 0.50
16 8
0.03 0.93 0.98 0.97 0.02 0.05 0.91 0.93 0.01 0.05 0.98 0.05 0.90 0.91 0.07 0.00
8 2
0.00 1.00 1.00 1.00 0.00 1.00 1.00 1.00
16 14
0.83 0.30 0.75 0.41 0.24 0.76 0.77 0.59 0.39 0.65 0.15 0.57 0.25 0.08 0.46 0.99
8 6
1.00 0.00 1.00 1.00 1.00 0.00 1.00 0.00
16 2
0.60 0.01 0.61 0.65 0.62 0.07 0.70 0.69 0.07 0.10 0.61 0.69 0.61 0.64 0.67 0.67
8 4
0.00 0.00 0.00 1.00 1.00 1.00 0.00 1.00
16 14
0.50 0.50 0.50 0.51 0.51 0.51 0.51 0.49 0.50 0.49 0.49 0.51 0.51 0.50 0.49 0.51
16 2
0.01 0.02 0.01 0.02 0.01 0.02 0.02 0.02 0.00 0.02 0.01 0.02 0.02 0.02 0.01 0.02
8 4
1.00 1.00 1.00 1.00 1.00 1.00 1.00 1.00
8 2
0.00 1.00 1.00 0.00 1.00 0.00 0.00 1.00
2 2
0.00 1.00
8 4
1.00 0.00 1.00 1.00 1.00 0.00 1.00 1.00
16 10
0.49 0.46 0.53 0.52 0.50 0.51 0.50 0.46 0.50 0.46 0.49 0.46 0.51 0.47 0.50 0.49
16 6
0.61 0.61 0.64 0.63 0.68 0.06 0.03 0.63 0.10 0.61 0.70 0.65 0.64 0.00 0.63 0.66
16 10
0.15 0.33 0.58 0.22 0.55 0.63 0.22 0.19 0.68 0.70 0.34 0.42 0.23 0.75 0.48 0.35
12 2
0.32 0.26 0.22 0.92 0.70 0.47 0.94 0.82 0.46 0.04 1.00 0.67
16 10
0.98 0.34 0.43 0.20 0.47 0.19 0.34 0.19 0.94 0.45 0.93 0.75 0.45 0.34 0.62 0.68
8 2
0.00 1.00 1.00 1.00 1.00 1.00 1.00 1.00
16 8
0.72 0.98 0.92 1.00 0.81 0.98 0.65 0.99 0.61 0.98 0.99 0.99 0.62 1.00 0.91 0.52
12 8
0.71 0.34 0.97 0.91 0.13 0.25 0.86 0.97 0.77 0.75 0.15 0.56
16 6
0.65 0.43 0.49 0.51 0.60 0.48 0.58 0.55 0.42 0.53 0.49 0.44 0.48 0.46 0.40 0.46
16 4
0.02 0.05 0.68 0.63 0.62 0.63 0.60 0.70 0.62 0.60 0.70 0.02 0.09 0.70 0.67 0.62
8 4
0.00 0.00 1.00 1.00 1.00 0.00 1.00 1.00
16 14
1.00 0.99 0.99 0.98 1.00 1.00 0.98 0.99 0.99 0.99 0.98 1.00 0.98 1.00 1.00 0.99
12 10
0.39 0.40 0.05 1.00 0.51 0.27 0.20 0.03 0.18 0.97 0.59 0.70
16 8
0.90 0.07 0.40 0.03 0.40 0.01 0.04 0.38 0.09 0.76 0.89 0.00 0.28 0.02 0.07 0.83
16 10
0.02 0.02 0.10 0.03 0.02 0.02 0.04 0.68 0.64 0.10 0.08 0.01 0.04 0.03 0.65 0.62
16 10
0.50 0.50 0.46 0.53 0.51 0.51 0.46 0.46 0.49 0.47 0.50 0.51 0.49 0.46 0.49 0.52
16 2
0.09 0.01 0.05 0.67 0.10 0.60 0.05 0.04 0.04 0.00 0.04 0.61 0.10 0.04 0.02 0.60
16 8
0.45 0.08 0.98 0.06 0.94 0.34 0.42 0.00 0.02 0.02 0.07 0.30 0.04 0.24 0.02 0.09
16 10
0.50 0.51 0.49 0.49 0.51 0.50 0.49 0.50 0.50 0.49 0.51 0.51 0.49 0.49 0.49 0.50
2 2
1.00 1.00
16 8
0.04 1.00 0.12 0.30 1.00 1.00 1.00 0.99 0.14 0.99 0.98 0.15 0.04 1.00 0.35 0.31
3 2
0.10 0.50 0.80
16 10
0.02 0.01 0.00 0.00 0.00 0.02 0.00 0.00 0.00 0.00 0.01 0.00 0.00 0.00 0.01 0.02
4 2
1.00 0.00 1.00 0.98
16 8
0.97 0.03 0.01 0.02 0.76 0.02 0.04 0.23 0.78 0.40 0.97 0.01 0.09 0.07 0.00 0.03
16 10
0.44 0.46 0.58 0.48 0.51 0.67 0.59 0.34 0.69 0.68 0.68 0.39 0.36 0.31 0.48 0.59
16 8
0.39 0.98 0.14 0.98 0.37 0.43 0.99 1.00 0.99 0.99 0.15 0.37 0.99 0.19 0.98 0.39
16 6
1.00 0.98 0.99 0.99 0.99 1.00 0.98 0.99 0.98 0.99 1.00 0.98 0.98 1.00 0.99 1.00
8 2
1.00 1.00 1.00 1.00 1.00 1.00 1.00 1.00
4 2
0.98 0.99 0.01 0.01
16 10
0.56 0.52 0.51 0.17 0.42 0.19 0.60 0.65 0.27 0.63 0.34 0.52 0.58 0.40 0.54 0.55
16 14
0.10 0.04 0.02 0.02 0.64 0.03 0.67 0.07 0.06 0.05 0.04 0.64 0.66 0.02 0.04 0.05
16 12
0.65 0.04 0.70 0.61 0.69 0.10 0.00 0.68 0.67 0.67 0.60 0.68 0.61 0.63 0.03 0.64
8 4
1.00 1.00 1.00 1.00 1.00 0.00 1.00 1.00
3 2
0.00 1.00 0.00
2 2
0.05 0.45
16 2
1.00 1.00 1.00 0.98 1.00 0.99 1.00 0.99 1.00 0.98 0.99 0.99 1.00 0.99 0.99 0.98
4 2
0.00 0.00 0.00 0.00
4 4
1.00 0.00 0.00 1.00
16 10
0.22 0.63 0.75 0.48 0.70 0.22 0.58 0.15 0.34 0.69 0.42 0.19 0.55 0.33 0.35 0.23
16 8
0.96 0.08 0.90 0.06 0.01 0.04 0.00 0.94 0.94 0.90 0.95 0.03 0.98 0.96 0.09 0.05
16 6
0.34 0.35 0.45 0.62 0.61 0.60 0.30 0.30 0.53 0.51 0.51 0.60 0.34 0.50 0.57 0.65
16 6
0.03 0.00 0.62 0.05 0.06 0.68 0.06 0.10 0.04 0.68 0.70 0.08 0.06 0.10 0.01 0.08
4 2
0.00 0.00 0.02 0.00
8 6
1.00 0.00 0.00 1.00 1.00 0.00 1.00 0.00
16 6
0.00 0.02 0.00 0.02 0.02 0.01 0.01 0.02 0.00 0.01 0.00 0.01 0.02 0.00 0.02 0.00
16 10
0.98 1.00 0.98 0.99 1.00 0.99 0.98 1.00 0.98 0.99 0.99 1.00 1.00 0.98 0.99 0.98
16 14
0.66 0.32 0.55 0.47 0.40 0.68 0.30 0.35 0.33 0.60 0.53 0.62 0.48 0.42 0.31 0.60
16 8
0.03 1.00 0.96 0.06 0.99 0.97 0.02 0.05 0.96 0.95 0.08 0.97 0.06 0.10 0.07 0.92
16 8
0.01 0.02 0.50 0.01 0.00 0.02 0.33 0.45 0.02 0.27 0.02 0.01 0.47 0.42 0.30 0.29
8 6
1.00 0.00 1.00 1.00 0.00 1.00 1.00 1.00
8 2
1.00 1.00 1.00 0.00 1.00 0.00 1.00 0.00
16 2
0.93 0.59 0.13 0.62 0.21 0.89 0.21 0.05 0.01 0.46 0.89 0.62 0.42 0.98 0.45 0.69
8 6
1.00 1.00 1.00 1.00 1.00 1.00 1.00 1.00
16 2
0.51 0.49 0.50 0.50 0.49 0.51 0.49 0.49 0.49 0.50 0.51 0.50 0.51 0.51 0.50 0.50
16 10
0.52 0.17 0.54 0.40 0.19 0.27 0.34 0.65 0.56 0.58 0.59 0.42 0.63 0.55 0.52 0.51
4 4
0.50 0.50 0.50 0.50
16 6
0.72 0.20 0.39 0.25 0.30 0.61 0.66 0.83 1.00 0.61 0.64 0.75 0.05 0.21 0.06 0.47
2 2
0.00 0.00
4 2
1.00 0.00 1.00 1.00
16 14
0.01 0.02 0.02 0.00 0.01 0.00 0.02 0.01 0.01 0.01 0.01 0.00 0.01 0.02 0.00 0.02
16 6
0.47 0.67 0.63 0.30 0.38 0.37 0.34 0.38 0.57 0.40 0.33 0.46 0.49 0.58 0.40 0.38
16 14
0.07 0.69 0.63 0.67 0.03 0.00 0.61 0.66 0.05 0.60 0.68 0.69 0.68 0.63 0.67 0.60
16 8
0.06 0.00 0.04 0.65 0.02 0.06 0.10 0.08 0.68 0.02 0.03 0.69 0.07 0.04 0.04 0.68
16 8
0.99 0.53 0.92 0.80 0.99 0.99 0.98 0.52 1.00 0.99 0.94 0.67 0.98 0.75 0.65 1.00
16 4
0.03 0.67 0.04 0.03 0.64 0.60 0.66 0.10 0.00 0.08 0.07 0.00 0.08 0.09 0.05 0.06
3 2
0.40 0.50 0.60
16 6
0.65 0.43 0.43 0.49 0.49 0.48 0.48 0.46 0.60 0.53 0.44 0.51 0.55 0.40 0.46 0.58
16 8
0.62 0.62 0.69 0.60 0.65 0.61 0.66 0.08 0.07 0.63 0.65 0.03 0.68 0.08 0.62 0.65
4 2
0.00 1.00 0.00 0.00
3 2
0.30 0.50 0.80
4 2
0.00 0.00 1.00 0.02
