100
2
11
10
2
10
00
3
000
000
000
1
1
3
000
110
000
4
1001
0110
1000
0100
4
1011
1000
0000
1100
3
000
111
101
4
0110
0101
0100
0110
4
1010
0100
0101
0010
3
101
000
000
4
0100
0100
0111
0000
4
1101
1101
1101
0101
4
1101
1101
1101
0000
4
1111
0000
0000
0000
4
0101
0001
1010
0001
2
00
01
1
0
3
010
000
000
4
1111
1111
1111
0000
4
1001
0001
0100
0000
4
1001
0100
1001
0100
3
010
010
010
4
1110
0111
1101
1010
3
100
010
001
4
0000
1000
0000
0001
4
0000
0000
0000
0011
4
0000
0010
0110
1001
4
0000
1000
0100
0011
4
0101
0000
0000
1110
4
0010
0111
0000
1010
4
1011
0011
1111
1101
3
010
011
010
4
1011
0000
0000
0000
4
1000
1101
0010
1101
4
1011
0100
0100
0100
4
0000
0011
0111
1110
4
0000
0010
0000
0000
4
0000
0001
0001
0001
3
001
100
001
2
11
11
4
0000
0100
0010
0001
4
0000
0111
0000
0000
4
0000
1100
1100
1100
4
1110
0001
0001
0001
4
0001
0001
1010
0001
4
0010
0011
1100
0010
4
0010
0001
0010
0100
4
0011
1011
0000
1010
3
011
100
010
4
1001
0000
0110
1001
4
1000
0010
1011
0010
4
1001
0101
0000
1010
4
1101
1100
1101
0101
3
100
100
011
3
010
111
111
4
0001
0010
0001
1101
4
0100
0010
0100
0110
4
0000
1000
0000
1000
4
0101
0000
0010
0000
4
1000
0100
0000
0100
4
0000
0010
0011
0000
4
0011
0110
1000
1000
4
0100
1000
1010
0001
4
0100
1001
0100
0010
4
1000
0100
0110
1000
4
0110
1000
0011
0000
4
0000
0000
0011
0010
4
0010
0001
0010
0110
4
0010
1101
0000
0010
2
10
10
4
0010
1001
0111
0101
4
1101
0000
0000
0010
4
0000
0001
0110
1000
4
0101
0010
1100
0000
2
00
00
4
1001
0000
1110
0001
4
1000
0001
1000
0001
4
1010
0000
0000
0101
4
0111
0010
1010
0010
3
110
000
001
3
001
010
000
3
000
100
100
2
11
00
4
0001
1000
0100
0010
4
0010
1001
0000
0000
4
1100
0010
1000
0010
4
1000
1000
0101
0000
4
0000
0011
0010
1100
3
111
000
000
4
0000
0000
0000
0000
2
10
01
3
101
000
101
4
0010
0100
0010
0010
4
0010
0000
0111
0000
4
0100
0110
0000
0010
4
0010
0001
0010
0000
4
1001
0100
1001
1011
4
0010
0010
0010
0010
4
0000
0010
0010
0010
