100
2 2
0.50 0.50
4 2
0.00 0.00 1.00 1.00
3 2
0.50 0.75 1.00
16 8
0.68 0.64 0.67 0.66 0.68 0.62 0.05 0.03 0.69 0.64 0.70 0.62 0.65 0.10 0.07 0.61
16 12
0.69 0.06 0.60 0.01 0.05 0.07 0.08 0.69 0.00 0.10 0.10 0.05 0.62 0.09 0.08 0.09
16 10
0.50 0.55 0.56 0.47 0.77 0.25 0.72 0.26 0.74 0.48 0.73 0.30 0.73 0.59 0.25 0.48
4 2
0.00 0.00 0.00 0.00
16 8
0.99 0.31 1.00 0.45 1.00 0.99 0.07 0.45 0.38 0.98 1.00 0.02 0.32 0.98 0.98 0.26
16 14
0.00 0.00 0.01 0.00 0.01 0.01 0.01 0.00 0.01 0.02 0.02 0.00 0.00 0.02 0.02 0.00
16 10
0.06 0.93 0.57 0.87 0.45 0.57 0.45 0.93 0.48 0.02 0.87 0.31 0.61 0.43 0.58 0.52
4 2
0.00 1.00 1.00 1.00
8 2
1.00 1.00 1.00 1.00 1.00 1.00 1.00 1.00
8 6
0.00 1.00 0.00 0.00 1.00 0.00 1.00 1.00
4 2
0.98 0.01 0.99 0.01
16 6
0.05 0.69 0.09 0.09 0.07 0.66 0.63 0.61 0.67 0.65 0.62 0.60 0.64 0.67 0.62 0.61
16 2
0.49 0.51 0.50 0.51 0.50 0.51 0.49 0.50 0.50 0.51 0.51 0.51 0.49 0.51 0.49 0.50
8 4
0.00 0.00 0.00 1.00 0.00 1.00 1.00 1.00
3 2
0.01 0.04 0.02
8 4
1.00 1.00 1.00 1.00 1.00 1.00 1.00 1.00
16 8
0.73 0.10 0.07 0.93 1.00 0.08 0.31 0.04 0.09 0.10 0.90 0.59 0.69 0.08 0.04 0.02
3 2
0.60 0.50 0.40
8 6
1.00 1.00 1.00 1.00 1.00 1.00 1.00 0.00
8 6
1.00 0.00 1.00 1.00 1.00 0.00 1.00 1.00
16 2
0.66 0.61 0.06 0.62 0.67 0.67 0.60 0.66 0.67 0.67 0.10 0.64 0.04 0.66 0.68 0.04
16 8
0.48 0.44 0.47 0.50 0.46 0.51 0.51 0.43 0.52 0.45 0.47 0.44 0.43 0.50 0.48 0.45
16 8
0.42 0.49 0.40 0.49 0.41 0.52 0.45 0.44 0.56 0.49 0.57 0.41 0.39 0.57 0.40 0.46
16 14
0.60 0.49 0.18 0.52 0.58 0.46 0.76 0.71 0.13 0.02 0.68 0.63 0.44 0.20 0.89 0.09
16 8
0.00 0.01 0.01 0.01 0.41 0.47 0.01 0.29 0.00 0.26 0.02 0.01 0.37 0.15 0.26 0.00
8 4
1.00 1.00 1.00 1.00 1.00 1.00 0.00 1.00
16 6
0.07 0.01 0.10 0.10 0.68 0.09 0.04 0.69 0.04 0.00 0.07 0.61 0.02 0.02 0.64 0.01
16 14
0.01 0.08 0.00 0.05 0.06 0.04 0.01 0.67 0.03 0.03 0.04 0.70 0.06 0.68 0.09 0.64
16 10
0.50 0.49 0.51 0.50 0.51 0.50 0.51 0.49 0.49 0.49 0.49 0.50 0.49 0.49 0.51 0.49
8 2
1.00 1.00 1.00 1.00 1.00 0.00 1.00 1.00
3 2
0.80 0.10 0.50
16 8
0.76 0.53 0.86 0.80 0.01 0.00 0.52 0.00 0.59 0.51 0.00 0.69 0.02 0.01 0.02 0.00
16 8
0.04 0.00 0.03 0.09 0.83 0.34 0.00 0.53 0.07 0.59 0.80 0.04 0.37 0.34 0.12 0.02
4 4
1.00 0.00 1.00 0.00
16 10
0.40 0.34 0.42 0.42 0.53 0.65 0.45 0.52 0.47 0.49 0.65 0.45 0.44 0.49 0.67 0.52
16 6
0.50 0.49 0.49 0.51 0.49 0.50 0.51 0.50 0.50 0.50 0.51 0.50 0.51 0.51 0.51 0.49
3 2
0.00 1.00 0.00
4 2
0.00 0.00 0.00 1.00
16 8
0.97 0.98 0.93 0.05 0.96 0.01 0.07 0.03 0.94 0.09 0.96 0.02 0.02 0.10 1.00 0.92
8 2
1.00 1.00 1.00 0.00 1.00 1.00 1.00 0.00
2 2
0.05 0.45
16 8
1.00 0.98 0.60 1.00 0.99 1.00 0.56 0.58 0.76 0.84 0.60 0.98 0.71 1.00 0.98 0.99
16 10
0.50 0.25 0.31 0.59 0.26 0.74 0.25 0.77 0.48 0.73 0.73 0.55 0.47 0.48 0.72 0.56
4 4
0.50 0.50 0.50 0.50
16 8
0.48 0.43 0.52 0.43 0.36 0.52 0.50 0.52 0.34 0.48 0.48 0.23 0.44 0.24 0.38 0.45
16 8
0.43 0.48 0.44 0.45 0.47 0.48 0.47 0.46 0.43 0.44 0.50 0.52 0.50 0.51 0.45 0.50
3 2
0.30 0.80 0.50
16 6
0.44 0.34 0.52 0.64 0.45 0.55 0.49 0.48 0.33 0.42 0.30 0.54 0.57 0.67 0.55 0.66
16 2
0.60 0.48 0.41 0.48 0.66 0.34 0.49 0.50 0.59 0.48 0.61 0.68 0.57 0.53 0.60 0.54
16 8
0.02 0.45 0.40 0.00 0.07 0.01 0.38 0.02 0.13 0.01 0.47 0.00 0.25 0.18 0.00 0.02
2 2
1.00 1.00
8 6
1.00 1.00 1.00 1.00 1.00 1.00 1.00 1.00
8 6
1.00 0.00 1.00 1.00 0.00 0.00 1.00 1.00
16 8
0.01 0.01 0.92 0.66 0.00 0.61 0.00 0.01 0.89 0.51 0.97 0.01 0.59 0.01 0.78 0.01
16 2
0.08 0.06 0.03 0.10 0.69 0.69 0.02 0.60 0.06 0.09 0.07 0.04 0.08 0.10 0.00 0.68
16 10
0.01 0.70 0.69 0.69 0.62 0.70 0.67 0.64 0.62 0.67 0.01 0.08 0.68 0.66 0.05 0.69
2 2
0.00 1.00
16 2
0.01 0.01 0.00 0.02 0.00 0.00 0.01 0.01 0.02 0.02 0.02 0.00 0.00 0.01 0.01 0.00
12 10
0.94 0.27 0.79 0.11 0.54 0.22 0.67 0.94 0.78 0.85 0.27 0.31
8 4
1.00 0.00 1.00 1.00 1.00 0.00 1.00 1.00
16 10
0.99 0.99 1.00 1.00 1.00 0.99 0.99 0.99 1.00 0.98 0.99 0.99 0.98 0.99 1.00 0.99
8 2
1.00 0.00 1.00 1.00 1.00 0.00 0.00 0.00
16 12
0.68 0.66 0.65 0.07 0.61 0.67 0.70 0.66 0.68 0.09 0.67 0.07 0.61 0.00 0.67 0.70
16 10
0.61 0.07 0.70 0.09 0.04 0.00 0.10 0.08 0.06 0.05 0.63 0.03 0.10 0.68 0.09 0.02
16 6
0.43 0.47 0.54 0.47 0.43 0.45 0.30 0.47 0.38 0.33 0.44 0.51 0.52 0.37 0.40 0.62
12 8
0.97 0.18 0.81 0.98 0.15 0.57 0.12 0.46 0.48 0.33 0.74 0.37
16 10
0.01 0.02 0.01 0.00 0.00 0.02 0.02 0.02 0.02 0.02 0.00 0.02 0.02 0.02 0.01 0.02
16 6
0.47 0.68 0.85 0.71 0.26 0.09 0.65 0.78 0.00 0.00 0.61 0.96 0.96 0.91 0.44 0.96
4 2
0.00 0.02 0.00 0.00
16 8
0.11 0.99 0.65 0.99 0.03 0.08 0.01 0.00 0.17 0.09 0.01 0.09 0.10 0.97 0.70 0.26
16 8
0.01 0.90 0.10 0.95 0.99 0.03 0.90 0.08 1.00 0.00 0.10 0.99 0.07 0.93 0.03 0.90
16 4
0.63 0.67 0.65 0.01 0.65 0.10 0.00 0.10 0.02 0.07 0.02 0.01 0.05 0.01 0.03 0.10
8 2
0.00 1.00 0.00 1.00 0.00 1.00 1.00 1.00
16 8
0.24 0.52 0.53 0.34 0.48 0.50 0.43 0.38 0.48 0.43 0.36 0.45 0.48 0.44 0.23 0.52
2 2
0.00 0.00
16 4
0.66 0.62 0.67 0.64 0.07 0.10 0.01 0.69 0.63 0.60 0.61 0.67 0.60 0.67 0.04 0.66
16 8
0.44 0.55 0.49 0.40 0.40 0.52 0.39 0.49 0.57 0.42 0.46 0.49 0.41 0.45 0.41 0.57
3 2
0.50 0.50 0.50
16 2
0.61 0.90 0.29 0.76 0.02 0.82 0.02 0.02 0.40 0.19 0.28 0.71 0.62 0.89 0.31 0.56
16 8
0.65 0.05 0.03 0.03 0.70 0.00 0.09 0.08 0.62 0.09 0.70 0.03 0.00 0.03 0.09 0.06
4 2
0.00 0.98 1.00 1.00
16 6
0.47 0.44 0.47 0.40 0.62 0.38 0.37 0.51 0.31 0.45 0.43 0.52 0.54 0.33 0.47 0.43
12 2
0.34 0.33 0.17 0.78 0.87 0.82 0.34 0.97 0.61 0.60 0.17 0.60
16 6
0.98 0.99 0.98 0.99 1.00 0.99 0.98 1.00 0.99 0.99 0.99 0.98 1.00 0.98 1.00 0.99
16 14
0.70 0.69 0.69 0.04 0.68 0.61 0.62 0.68 0.64 0.70 0.02 0.62 0.07 0.70 0.60 0.01
4 4
0.01 0.01 0.98 0.99
16 8
0.98 0.36 0.40 0.40 0.98 1.00 0.98 0.98 0.98 0.42 0.00 0.43 0.47 0.99 0.99 0.32
16 14
1.00 1.00 0.98 1.00 0.99 1.00 0.98 0.98 1.00 0.99 0.99 1.00 1.00 1.00 0.98 1.00
2 2
0.50 0.00
16 8
0.98 0.54 0.98 0.52 0.98 0.98 0.98 0.61 0.73 0.51 0.75 0.99 0.76 0.99 0.99 0.92
8 4
1.00 1.00 0.00 1.00 0.00 1.00 1.00 0.00
4 2
0.00 1.00 0.02 0.00
16 6
0.01 0.02 0.01 0.02 0.00 0.00 0.00 0.02 0.01 0.00 0.02 0.01 0.00 0.01 0.02 0.00
16 14
0.43 0.58 0.55 0.59 0.64 0.44 0.62 0.52 0.49 0.55 0.55 0.49 0.45 0.36 0.60 0.31
16 2
1.00 0.99 1.00 0.98 0.98 1.00 0.99 0.98 0.98 1.00 0.99 0.99 1.00 0.98 1.00 0.98
16 8
0.06 0.91 0.94 0.08 0.01 0.90 0.98 0.00 0.90 0.05 0.97 0.97 0.94 0.00 0.07 0.00
16 14
0.51 0.50 0.51 0.49 0.51 0.49 0.50 0.49 0.51 0.51 0.49 0.49 0.49 0.51 0.51 0.50
